
0.000000
96.000000
192.000000
288.000000
384.000000
480.000000
576.000000
672.000000
768.000000
864.000000
960.000000
1056.000000
1152.000000
1248.000000
1344.000000
1440.000000
1536.000000
1632.000000
1728.000000
1824.000000
1920.000000
2016.000000
2112.000000
2208.000000
2304.000000
2400.000000
2496.000000
2592.000000
2688.000000
2784.000000
2880.000000
2976.000000
3072.000000
3168.000000
3264.000000
3360.000000
3456.000000
3552.000000
3648.000000
3744.000000
3840.000000
3936.000000
4032.000000
4128.000000
4224.000000
4320.000000
4416.000000
4512.000000
4608.000000
4704.000000
4800.000000
4896.000000
4992.000000
5088.000000
5184.000000
5280.000000
5376.000000
5472.000000
5568.000000
5664.000000
5760.000000
5856.000000
5952.000000
6048.000000
6144.000000
6240.000000
6336.000000
6432.000000
6528.000000
6624.000000
6720.000000
6816.000000
6912.000000
7008.000000
7104.000000
7200.000000
7296.000000
7392.000000
7488.000000
7584.000000
7680.000000
7776.000000
7872.000000
7968.000000
8064.000000
8160.000000
8256.000000
8352.000000
8448.000000
8544.000000
8640.000000
8736.000000
8832.000000
8928.000000
9024.000000
9120.000000
9216.000000
9312.000000
9408.000000
9504.000000
9600.000000
9696.000000
9792.000000
9888.000000
9984.000000
10080.000000
10176.000000
10272.000000
10368.000000
10464.000000
10560.000000
10656.000000
10752.000000
10848.000000
10944.000000
11040.000000
11136.000000
11232.000000
11328.000000
11424.000000
11520.000000
11616.000000
11712.000000
11808.000000
11904.000000
12000.000000
12096.000000
12192.000000
12288.000000
12384.000000
12480.000000
12576.000000
12672.000000
12768.000000
12864.000000
12960.000000
13056.000000
13152.000000
13248.000000
13344.000000
13440.000000
13536.000000
13632.000000
13728.000000
13824.000000
13920.000000
14016.000000
14112.000000
14208.000000
14304.000000
14400.000000
14496.000000
14592.000000
14688.000000
14784.000000
14880.000000
14976.000000
15072.000000
15168.000000
15264.000000
15360.000000
15456.000000
15552.000000
15648.000000
15744.000000
15840.000000
15936.000000
16032.000000
16128.000000
16224.000000
16320.000000
16416.000000
16512.000000
16608.000000
16704.000000
16800.000000
16896.000000
16992.000000
17088.000000
17184.000000
17280.000000
17376.000000
17472.000000
17568.000000
17664.000000
17760.000000
17856.000000
17952.000000
18048.000000
18144.000000
18240.000000
18336.000000
18432.000000
18528.000000
18624.000000
18720.000000
18816.000000
18912.000000
19008.000000
19104.000000
19200.000000
19296.000000
19392.000000
19488.000000
19584.000000
19680.000000
19776.000000
19872.000000
19968.000000
20064.000000
20160.000000
20256.000000
20352.000000
20448.000000
20544.000000
20640.000000
20736.000000
20832.000000
20928.000000
21024.000000
21120.000000
21216.000000
21312.000000
21408.000000
21504.000000
21600.000000
21696.000000
21792.000000
21888.000000
21984.000000
22080.000000
22176.000000
22272.000000
22368.000000
22464.000000
22560.000000
22656.000000
22752.000000
22848.000000
22944.000000
23040.000000
23136.000000
23232.000000
23328.000000
23424.000000
23520.000000
23616.000000
23712.000000
23808.000000
23904.000000
24000.000000
24096.000000
24192.000000
24288.000000
24384.000000
24480.000000
24576.000000
24672.000000
24768.000000
24864.000000
24960.000000
25056.000000
25152.000000
25248.000000
25344.000000
25440.000000
25536.000000
25632.000000
25728.000000
25824.000000
25920.000000
26016.000000
26112.000000
26208.000000
26304.000000
26400.000000
26496.000000
26592.000000
26688.000000
26784.000000
26880.000000
26976.000000
27072.000000
27168.000000
27264.000000
27360.000000
27456.000000
27552.000000
27648.000000
27744.000000
27840.000000
27936.000000
28032.000000
28128.000000
28224.000000
28320.000000
28416.000000
28512.000000
28608.000000
28704.000000
28800.000000
28896.000000
28992.000000
29088.000000
29184.000000
29280.000000
29376.000000
29472.000000
29568.000000
29664.000000
29760.000000
29856.000000
29952.000000
30048.000000
30144.000000
30240.000000
30336.000000
30432.000000
30528.000000
30624.000000
30720.000000
30816.000000
30912.000000
31008.000000
31104.000000
31200.000000
31296.000000
31392.000000
31488.000000
31584.000000
31680.000000
31776.000000
31872.000000
31968.000000
32064.000000
32160.000000
32256.000000
32352.000000
32448.000000
32544.000000
32640.000000
32736.000000
32832.000000
32928.000000
33024.000000
33120.000000
33216.000000
33312.000000
33408.000000
33504.000000
33600.000000
33696.000000
33792.000000
33888.000000
33984.000000
34080.000000
34176.000000
34272.000000
34368.000000
34464.000000
34560.000000
34656.000000
34752.000000
34848.000000
34944.000000
35040.000000
35136.000000
35232.000000
35328.000000
35424.000000
35520.000000
35616.000000
35712.000000
35808.000000
35904.000000
36000.000000
36096.000000
36192.000000
36288.000000
36384.000000
36480.000000
36576.000000
36672.000000
36768.000000
36864.000000
36960.000000
37056.000000
37152.000000
37248.000000
37344.000000
37440.000000
37536.000000
37632.000000
37728.000000
37824.000000
37920.000000
38016.000000
38112.000000
38208.000000
38304.000000
38400.000000
38496.000000
38592.000000
38688.000000
38784.000000
38880.000000
38976.000000
39072.000000
39168.000000
39264.000000
39360.000000
39456.000000
39552.000000
39648.000000
39744.000000
39840.000000
39936.000000
40032.000000
40128.000000
40224.000000
40320.000000
40416.000000
40512.000000
40608.000000
40704.000000
40800.000000
40896.000000
40992.000000
41088.000000
41184.000000
41280.000000
41376.000000
41472.000000
41568.000000
41664.000000
41760.000000
41856.000000
41952.000000
42048.000000
42144.000000
42240.000000
42336.000000
42432.000000
42528.000000
42624.000000
42720.000000
42816.000000
42912.000000
43008.000000
43104.000000
43200.000000
43296.000000
43392.000000
43488.000000
43584.000000
43680.000000
43776.000000
43872.000000
43968.000000
44064.000000
44160.000000
44256.000000
44352.000000
44448.000000
44544.000000
44640.000000
44736.000000
44832.000000
44928.000000
45024.000000
45120.000000
45216.000000
45312.000000
45408.000000
45504.000000
45600.000000
45696.000000
45792.000000
45888.000000
45984.000000
46080.000000
46176.000000
46272.000000
46368.000000
46464.000000
46560.000000
46656.000000
46752.000000
46848.000000
46944.000000
47040.000000
47136.000000
47232.000000
47328.000000
47424.000000
47520.000000
47616.000000
47712.000000
47808.000000
47904.000000