
0.000000 0.000000
0.000021 0.000000
0.000042 0.000000
0.000063 0.000000
0.000083 0.000000
0.000104 0.000000
0.000125 0.000000
0.000146 0.000000
0.000167 0.000000
0.000188 0.000000
0.000208 0.000000
0.000229 0.000000
0.000250 0.000000
0.000271 0.000000
0.000292 0.000000
0.000313 0.000000
0.000333 0.000000
0.000354 0.000000
0.000375 0.000000
0.000396 0.000000
0.000417 0.000000
0.000438 0.000000
0.000458 0.000000
0.000479 0.000000
0.000500 0.000000
0.000521 0.000000
0.000542 0.000000
0.000562 0.000000
0.000583 0.000000
0.000604 0.000000
0.000625 -0.001886
0.000646 -0.004725
0.000667 0.000745
0.000687 -0.003422
0.000708 -0.004722
0.000729 0.002671
0.000750 -0.011087
0.000771 0.009318
0.000792 -0.014938
0.000812 0.003531
0.000833 0.008284
0.000854 -0.035274
0.000875 0.054066
0.000896 -0.072516
0.000917 0.075267
0.000937 -1.183716
0.000958 -3.884414
0.000979 -2.761401
0.001000 -1.433160
0.001021 -4.142318
0.001042 -3.729576
0.001062 -1.553116
0.001083 -3.726057
0.001104 -4.137959
0.001125 -1.451082
0.001146 -2.718551
0.001167 -3.939877
0.001187 -1.110876
0.001208 -1.306499
0.001229 -3.139423
0.001250 -0.597894
0.001271 0.305756
0.001292 -1.857480
0.001312 0.002464
0.001333 1.869136
0.001354 -0.292753
0.001375 0.602447
0.001396 3.147958
0.001417 1.316544
0.001437 1.110713
0.001458 3.947531
0.001479 2.725409
0.001500 1.449883
0.001521 4.146129
0.001542 3.719355
0.001562 1.568321
0.001583 3.713516
0.001604 4.147063
0.001625 1.447997
0.001646 2.715554
0.001667 3.943418
0.001687 1.107229
0.001708 1.304173
0.001729 3.139423
0.001750 0.597894
0.001771 -0.305756
0.001792 1.857480
0.001812 -0.002464
0.001833 -1.869136
0.001854 0.292753
0.001875 -0.602447
0.001896 -3.147958
0.001917 -1.316544
0.001937 -1.110713
0.001958 -3.947531
0.001979 -2.725409
0.002000 -1.449883
0.002021 -4.146129
0.002042 -3.719355
0.002063 -1.568321
0.002083 -3.713516
0.002104 -4.147063
0.002125 -1.447997
0.002146 -2.715554
0.002167 -3.943418
0.002187 -1.107229
0.002208 -1.304173
0.002229 -3.139423
0.002250 -0.597894
0.002271 0.305756
0.002292 -1.857480
0.002312 0.002464
0.002333 1.869136
0.002354 -0.292753
0.002375 0.602447
0.002396 3.147958
0.002417 1.316544
0.002437 1.110713
0.002458 3.947531
0.002479 2.725409
0.002500 1.449883
0.002521 4.146129
0.002542 3.719355
0.002563 1.568321
0.002583 3.713516
0.002604 4.147063
0.002625 1.447997
0.002646 2.715554
0.002667 3.943418
0.002687 1.107229
0.002708 1.304173
0.002729 3.139423
0.002750 0.597894
0.002771 -0.305756
0.002792 1.857480
0.002812 -0.002464
0.002833 -1.869136
0.002854 0.292753
0.002875 -0.602447
0.002896 -3.147958
0.002917 -1.316544
0.002938 -1.110713
0.002958 -3.947531
0.002979 -2.725409
0.003000 -1.449883
0.003021 -4.146129
0.003042 -3.719355
0.003062 -1.568321
0.003083 -3.713516
0.003104 -4.147063
0.003125 -1.447997
0.003146 -2.715554
0.003167 -3.943418
0.003187 -1.107229
0.003208 -1.304173
0.003229 -3.139423
0.003250 -0.597894
0.003271 0.305756
0.003292 -1.857480
0.003312 0.002464
0.003333 1.869136
0.003354 -0.292753
0.003375 0.602447
0.003396 3.147958
0.003417 1.316544
0.003438 1.110713
0.003458 3.947531
0.003479 2.725409
0.003500 1.449883
0.003521 4.146129
0.003542 3.719355
0.003562 1.568321
0.003583 3.713516
0.003604 4.147063
0.003625 1.447997
0.003646 2.715554
0.003667 3.943418
0.003687 1.107229
0.003708 1.304173
0.003729 3.139423
0.003750 0.597894
0.003771 -0.305756
0.003792 1.857480
0.003812 -0.002464
0.003833 -1.869136
0.003854 0.292753
0.003875 -0.602447
0.003896 -3.147958
0.003917 -1.316544
0.003938 -1.110713
0.003958 -3.947531
0.003979 -2.725409
0.004000 -1.449883
0.004021 -4.146129
0.004042 -3.719355
0.004063 -1.568321
0.004083 -3.713516
0.004104 -4.147063
0.004125 -1.447997
0.004146 -2.715554
0.004167 -3.943418
0.004188 -1.107229
0.004208 -1.304173
0.004229 -3.139423
0.004250 -0.597894
0.004271 0.305756
0.004292 -1.857480
0.004312 0.002464
0.004333 1.869136
0.004354 -0.292753
0.004375 0.602447
0.004396 3.147958
0.004417 1.316544
0.004437 1.110713
0.004458 3.947531
0.004479 2.725409
0.004500 1.449883
0.004521 4.146129
0.004542 3.719355
0.004562 1.568321
0.004583 3.713516
0.004604 4.147063
0.004625 1.447997
0.004646 2.715554
0.004667 3.943418
0.004687 1.107229
0.004708 1.304173
0.004729 3.139423
0.004750 0.597894
0.004771 -0.305756
0.004792 1.857480
0.004812 -0.002464
0.004833 -1.869136
0.004854 0.292753
0.004875 -0.602447
0.004896 -3.147958
0.004917 -1.316544
0.004938 -1.110713
0.004958 -3.947531
0.004979 -2.725409
0.005000 -1.449883
0.005021 -4.146129
0.005042 -3.719355
0.005063 -1.568321
0.005083 -3.713516
0.005104 -4.147063
0.005125 -1.447997
0.005146 -2.715554
0.005167 -3.943418
0.005187 -1.107229
0.005208 -1.304173
0.005229 -3.139423
0.005250 -0.597894
0.005271 0.305756
0.005292 -1.857480
0.005312 0.002464
0.005333 1.869136
0.005354 -0.292753
0.005375 0.602447
0.005396 3.147958
0.005417 1.316544
0.005437 1.110713
0.005458 3.947531
0.005479 2.725409
0.005500 1.449883
0.005521 4.148084
0.005542 3.719042
0.005562 1.568886
0.005583 3.723788
0.005604 4.132544
0.005625 1.451430
0.005646 2.679832
0.005667 3.953190
0.005687 1.080830
0.005708 1.281447
0.005729 3.535807
0.005750 0.293914
0.005771 -0.022956
0.005792 5.943774
0.005812 2.482022
0.005833 2.579431
0.005854 9.351326
0.005875 6.395855
0.005896 2.409022
0.005917 7.378993
0.005938 5.996350
0.005958 -0.083076
0.005979 4.106718
0.006000 5.434362
0.006021 -2.880094