
0.000007
-0.000003
0.000013
0.000003
0.000020
0.000010
0.000026
0.000017
0.000033
0.000135
0.000263
0.000364
0.000492
0.000594
0.000722
0.000823
0.000951
0.001053
0.000951
0.000823
0.000722
0.000594
0.000492
0.000364
0.000263
0.000135
0.000033
0.000018
0.000029
0.000013
0.000024
0.000009
0.000020
0.000004
0.000015
0.000000
0.000011
-0.000004
0.000007
-0.000307
-0.000594
-0.000907
-0.000223
0.000435
0.001119
0.001777
0.002461
0.003118
0.002311
0.001476
0.000669
-0.000165
-0.000973
-0.001807
-0.002615
-0.001754
-0.000867
-0.000007
0.000009
-0.000002
0.000014
0.000003
0.000018
0.000007
0.000023
0.000012
0.000027
0.000016
0.000032
0.000021
0.000037
0.000026
0.000041
0.000030
0.000046
0.000035
0.000050
0.000039
0.000055
0.000044
0.000060
0.000102
0.000171
0.000214
0.000283
0.000326
0.000395
0.000438
0.000507
0.000550
0.000512
0.000449
0.000412
0.000348
0.000311
0.000248
0.000211
0.000147
0.000110
0.000046
0.000049
0.000025
0.000028
0.000004
0.000007
-0.000007
0.000007
-0.000007
0.000007
-0.000007
0.000007
-0.000007
0.000007
-0.000007
0.000007
-0.000007
0.000007
-0.000007
0.000007
-0.000007
0.000007
-0.000007
0.000007
-0.000007
0.000007
-0.000007
0.000007
-0.000007
0.000007
-0.000003
0.000013
0.000003
0.000020
0.000010
0.000026
0.000017
0.000033
0.000135
0.000263
0.000364
0.000492
0.000594
0.000722
0.000823
0.000951
0.001053
0.000951
0.000823
0.000722
0.000594
0.000492
0.000364
0.000263
0.000135
0.000033
0.000018
0.000029
0.000013
0.000024
0.000009
0.000020
0.000004
0.000015
0.000000
0.000011
-0.000004
0.000007
-0.000307
-0.000594
-0.000907
-0.000223
0.000435
0.001119
0.001777
0.002461
0.003118
0.002311
0.001476
0.000669
-0.000165
-0.000973
-0.001807
-0.002615
-0.001754
-0.000867
-0.000007
0.000009
-0.000002
0.000014
0.000003
0.000018
0.000007
0.000023
0.000012
0.000027
0.000016
0.000032
0.000021
0.000037
0.000026
0.000041
0.000030
0.000046
0.000035
0.000050
0.000039
0.000055
0.000044
0.000060
0.000102
0.000171
0.000214
0.000283
0.000326
0.000395
0.000438
0.000507
0.000550
0.000512
0.000449
0.000412
0.000348
0.000311
0.000248
0.000211
0.000147
0.000110
0.000046
0.000049
0.000025
0.000028
0.000004
0.000007
-0.000007
0.000007
-0.000007
0.000007
-0.000007
0.000007
-0.000007
0.000007
-0.000007
0.000007
-0.000007
0.000007
-0.000007
0.000007
-0.000007
0.000007
-0.000007
0.000007
-0.000007
0.000007
-0.000007
0.000007
-0.000007
0.000007
-0.000003
0.000013
0.000003
0.000020
0.000010
0.000026
0.000017
0.000033
0.000135
0.000263
0.000364
0.000492
0.000594
0.000722
0.000823
0.000951
0.001053
0.000951
0.000823
0.000722
0.000594
0.000492
0.000364
0.000263
0.000135
0.000033
0.000018
0.000029
0.000013
0.000024
0.000009
0.000020
0.000004
0.000015
0.000000
0.000011
-0.000004
0.000007
-0.000307
-0.000594
-0.000907
-0.000223
0.000435
0.001119
0.001777
0.002461
0.003118
0.002311
0.001476
0.000669
-0.000165
-0.000973
-0.001807
-0.002615
-0.001754
-0.000867
-0.000007
0.000009
-0.000002
0.000014
0.000003
0.000018
0.000007
0.000023
0.000012
0.000027
0.000016
0.000032
0.000021
0.000037
0.000026
0.000041
0.000030
0.000046
0.000035
0.000050
0.000039
0.000055
0.000044
0.000060
0.000102
0.000171
0.000214
0.000283
0.000326
0.000395
0.000438
0.000507
0.000550
0.000512
0.000449
0.000412
0.000348
0.000311
0.000248
0.000211
0.000147
0.000110
0.000046
0.000049
0.000025
0.000028
0.000004
0.000007
-0.000007
0.000007
-0.000007
0.000007
-0.000007
0.000007
-0.000007
0.000007
-0.000007
0.000007
-0.000007
0.000007
-0.000007
0.000007
-0.000007
0.000007
-0.000007
0.000007
-0.000007
0.000007
-0.000007
0.000007
-0.000007
0.000007
-0.000003
0.000013
0.000003
0.000020
0.000010
0.000026
0.000017
0.000033
0.000135
0.000263
0.000364
0.000492
0.000594
0.000722
0.000823
0.000951
0.001053
0.000951
0.000823
0.000722
0.000594
0.000492
0.000364
0.000263
0.000135
0.000033
0.000018
0.000029
0.000013
0.000024
0.000009
0.000020
0.000004
0.000015
0.000000
0.000011
-0.000004
0.000007
-0.000307
-0.000594
-0.000907
-0.000223
0.000435
0.001119
0.001777
0.002461
0.003118
0.002311
0.001476
0.000669
-0.000165
-0.000973
-0.001807
-0.002615
-0.001754
-0.000867
-0.000007
0.000009
-0.000002
0.000014
0.000003
0.000018
0.000007
0.000023
0.000012
0.000027
0.000016
0.000032
0.000021
0.000037
0.000026
0.000041
0.000030
0.000046
0.000035
0.000050
0.000039
0.000055
0.000044
0.000060
0.000102
0.000171
0.000214
0.000283
0.000326
0.000395
0.000438
0.000507
0.000550
0.000512
0.000449
0.000412
0.000348
0.000311
0.000248
0.000211
0.000147
0.000110
0.000046
0.000049
0.000025
0.000028
0.000004
0.000007
-0.000007
0.000007
-0.000007
0.000007
-0.000007
0.000007
-0.000007
0.000007
-0.000007
0.000007
-0.000007
0.000007
-0.000007
0.000007
-0.000007
0.000007
-0.000007
0.000007
-0.000007
0.000007
-0.000007
0.000007
-0.000007
0.000007
-0.000003
0.000013
0.000003
0.000020
0.000010
0.000026
0.000017
0.000033
0.000135
0.000263
0.000364
0.000492
0.000594
0.000722
0.000823
0.000951
0.001053
0.000951
0.000823
0.000722
0.000594
0.000492
0.000364
0.000263
0.000135
0.000033
0.000018
0.000029
0.000013
0.000024
0.000009
0.000020
0.000004
0.000015
0.000000
0.000011
-0.000004
0.000007
-0.000307
-0.000594
-0.000907
-0.000223
0.000435
0.001119
0.001777
0.002461
0.003118
0.002311
0.001476
0.000669
-0.000165
-0.000973
-0.001807
-0.002615
-0.001754
-0.000867
-0.000007
0.000009
-0.000002
0.000014
0.000003
0.000018
0.000007
0.000023
0.000012
0.000027
0.000016
0.000032
0.000021
0.000037
0.000026
0.000041
0.000030
0.000046
0.000035
0.000050
0.000039
0.000055
0.000044
0.000060
0.000102
0.000171
0.000214
0.000283
0.000326
0.000395
0.000438
0.000507
0.000550
0.000512
0.000449
0.000412
0.000348
0.000311
0.000248
0.000211
0.000147
0.000110
0.000046
0.000049
0.000025
0.000028
0.000004
0.000007
-0.000007
0.000007
-0.000007
0.000007
-0.000007
0.000007
-0.000007
0.000007
-0.000007
0.000007
-0.000007
0.000007
-0.000007
0.000007
-0.000007
0.000007
-0.000007
0.000007
-0.000007
0.000007
-0.000007
0.000007
-0.000007