
-0.000007
0.003710
-0.000600
0.001203
0.006243
0.002616
0.002202
0.007853
0.005405
0.002895
0.008239
0.007400
0.003118
0.007400
0.008239
0.002895
0.005405
0.007853
0.002202
0.002616
0.006243
0.001203
-0.000600
0.003710
-0.000007
-0.003695
0.000585
-0.001188
-0.006257
-0.002601
-0.002217
-0.007838
-0.005420
-0.002880
-0.008254
-0.007385
-0.003132
-0.007385
-0.008254
-0.002880
-0.005420
-0.007838
-0.002217
-0.002601
-0.006257
-0.001188
0.000585
-0.003695
-0.000007
0.003710
-0.000600
0.001203
0.006243
0.002616
0.002202
0.007853
0.005405
0.002895
0.008239
0.007400
0.003118
0.007400
0.008239
0.002895
0.005405
0.007853
0.002202
0.002616
0.006243
0.001203
-0.000600
0.003710
-0.000007
-0.003695
0.000585
-0.001188
-0.006257
-0.002601
-0.002217
-0.007838
-0.005420
-0.002880
-0.008254
-0.007385
-0.003132
-0.007385
-0.008254
-0.002880
-0.005420
-0.007838
-0.002217
-0.002601
-0.006257
-0.001188
0.000585
-0.003695
-0.000007
0.003710
-0.000600
0.001203
0.006243
0.002616
0.002202
0.007853
0.005405
0.002895
0.008239
0.007400
0.003118
0.007400
0.008239
0.002895
0.005405
0.007853
0.002202
0.002616
0.006243
0.001203
-0.000600
0.003710
-0.000007
-0.003695
0.000585
-0.001188
-0.006257
-0.002601
-0.002217
-0.007838
-0.005420
-0.002880
-0.008254
-0.007385
-0.003132
-0.007385
-0.008254
-0.002880
-0.005420
-0.007838
-0.002217
-0.002601
-0.006257
-0.001188
0.000585
-0.003695
-0.000007
0.003710
-0.000600
0.001203
0.006243
0.002616
0.002202
0.007853
0.005405
0.002895
0.008239
0.007400
0.003118
0.007400
0.008239
0.002895
0.005405
0.007853
0.002202
0.002616
0.006243
0.001203
-0.000600
0.003710
-0.000007
-0.003695
0.000585
-0.001188
-0.006257
-0.002601
-0.002217
-0.007838
-0.005420
-0.002880
-0.008254
-0.007385
-0.003132
-0.007385
-0.008254
-0.002880
-0.005420
-0.007838
-0.002217
-0.002601
-0.006257
-0.001188
0.000585
-0.003695
-0.000007
0.003710
-0.000600
0.001203
0.006243
0.002616
0.002202
0.007853
0.005405
0.002895
0.008239
0.007400
0.003118
0.007400
0.008239
0.002895
0.005405
0.007853
0.002202
0.002616
0.006243
0.001203
-0.000600
0.003710
-0.000007
-0.003695
0.000585
-0.001188
-0.006257
-0.002601
-0.002217
-0.007838
-0.005420
-0.002880
-0.008254
-0.007385
-0.003132
-0.007385
-0.008254
-0.002880
-0.005420
-0.007838
-0.002217
-0.002601
-0.006257
-0.001188
0.000585
-0.003695
-0.000007
0.003710
-0.000600
0.001203
0.006243
0.002616
0.002202
0.007853
0.005405
0.002895
0.008239
0.007400
0.003118
0.007400
0.008239
0.002895
0.005405
0.007853
0.002202
0.002616
0.006243
0.001203
-0.000600
0.003710
-0.000007
-0.003695
0.000585
-0.001188
-0.006257
-0.002601
-0.002217
-0.007838
-0.005420
-0.002880
-0.008254
-0.007385
-0.003132
-0.007385
-0.008254
-0.002880
-0.005420
-0.007838
-0.002217
-0.002601
-0.006257
-0.001188
0.000585
-0.003695
-0.000007
0.003710
-0.000600
0.001203
0.006243
0.002616
0.002202
0.007853
0.005405
0.002895
0.008239
0.007400
0.003118
0.007400
0.008239
0.002895
0.005405
0.007853
0.002202
0.002616
0.006243
0.001203
-0.000600
0.003710
-0.000007
-0.003695
0.000585
-0.001188
-0.006257
-0.002601
-0.002217
-0.007838